21 1599 6886 10252 10252 
24 2511 4556 8972 8972 
26 1612 4881 9568 9568 
21 3203 4756 5552 5552 
21 5188 6913 3828 3830 
21 3203 4756 5552 5552 
21 3497 4103 7559 7559 
0 0 0 0 0 
21 1584 5701 10377 10377 
24 1575 3198 7325 7325 
21 1599 6886 10253 10253 
21 1599 6886 10253 10253 
21 1599 6886 10253 10253 
21 1599 6886 10253 10253 
21 1599 6886 10253 10253 
21 1599 6886 10253 10253 
21 1599 6886 10253 10253 
21 1599 6886 10253 10253 
21 1599 6886 10253 10253 
21 1584 5701 10377 10377 
21 1599 6886 10253 10253 
0 0 0 0 0 
0 0 0 0 0 
22 205 248 202 202 
0 0 0 0 0 
0 0 0 0 0 
0 0 0 0 0 
22 205 248 202 202 
0 0 0 0 0 
22 205 248 202 202 
22 205 248 202 202 
22 205 248 202 202 
0 0 0 0 0 
5 5 5 5 5 
26 64 498 653 653 
22 205 248 202 202 
42 141 352 433 779 
42 141 352 433 779 
26 64 498 653 653 
22 205 248 202 202 
26 64 498 653 653 
5 5 5 5 5 
26 64 498 653 653 
5 5 5 5 5 
26 64 498 653 653 
5 5 5 5 5 
5 5 5 5 5 
5 5 5 5 5 
5 5 5 5 5 
5 5 5 5 5 
38 447 753 754 754 
20 5 5 5 5 
20 5 5 5 5 
20 5 5 5 5 
20 5 5 5 5 
20 5 5 5 5 
20 5 5 5 5 
20 5 5 5 5 
20 5 5 5 5 
20 5 5 5 5 
20 5 5 5 5 
20 5 5 5 5 
20 5 5 5 5 
20 5 5 5 5 
38 447 753 754 754 
38 447 753 754 754 
20 5 5 5 5 
42 141 352 433 779 
38 447 753 754 754 
20 5 5 5 5 
20 5 5 5 5 
38 447 753 754 754 
20 5 5 5 5 
38 447 753 754 754 
38 447 753 754 754 
38 447 753 754 754 
38 447 753 754 754 
