A: [    140     304     306     162     63      ]
B: [    173     16      56      24      11      ]
C: [    198     40      56      150     31      ]
D: [    111     20      75      69      118     ]
E: [    72      241     177     318     422     ]
F: [    135     8       25      35      26      ]
G: [    115     11      67      76      41      ]
H: [    69      144     9       28      137     ]
I: [    34      201     266     158     11      ]
J: [    20      2       3       2       0       ]
K: [    20      10      12      55      113     ]
L: [    87      200     112     162     155     ]
M: [    107     38      61      68      42      ]
N: [    37      87      137     182     130     ]
O: [    41      279     243     132     58      ]
P: [    141     61      57      50      56      ]
Q: [    23      5       1       0       0       ]
R: [    105     267     163     150     212     ]
S: [    365     16      80      171     36      ]
T: [    149     77      111     139     253     ]
U: [    33      185     165     82      1       ]
V: [    43      15      49      45      0       ]
W: [    82      44      26      25      17      ]
X: [    0       14      12      3       8       ]
Y: [    6       22      29      3       364     ]
Z: [    3       2       11      20      4       ]
A: 912
B: 269
C: 444
D: 275
E: 808
F: 203
G: 269
H: 250
I: 659
J: 27
K: 97
L: 561
M: 274
N: 443
O: 695
arose



Total letter frequency: 1432
slate



Total letter frequency: 3732
arose



Total letter frequency: 1432
slate
